hn: 0.0023728566893161805
p0: 0.24433038737230942
pn: 0.01009466490367932
r0: 6.039356882358515
rn: 0.006839696506753817
